VariantID	Chromosome	Start	End	Type	Classification	Total score	1A-B	2A	2B	2C	2D	2E	2F	2G	2H	2I	2J	2K	2L	3	4A	4B	4C	4D	4E	4F-H	4I	4J	4K	4L	4M	4N	4O	5A	5B	5C	5D	5E	5F	5G	5H	Known or predicted dosage-sensitive genes	All protein coding genes
chr11_75500000_75610000_DUP	chr11	75500000	75610000	DUP	Uncertain significance	0.00	0.0	0.0	0.0	0.0	0.0	0.0	0.0	0.0	0.0	0.0	0.0	0.0	0.0	0.0	0.0	0.0	0.0	0.0	0.0	0.0	0.0	0.0	0.0	0.0	0.0	0.0	0.0	0.0	0.0	0.0	0.0	0.0	0.0	0.0	0.0		GDPD5, SERPINH1, MAP6
chr12_49018977_49060794_DEL	chr12	49018977	49060794	DEL	Likely pathogenic	0.90	0.0	0.0	0.0	0.0	0.0	0.9	0.0	0.0	0.0	0.0	0.0	0.0	0.0	0.0	0.0	0.0	0.0	0.0	0.0	0.0	0.0	0.0	0.0	0.0	0.0	0.0	0.0	0.0	0.0	0.0	0.0	0.0	0.0	0.0	0.0	KMT2D	KMT2D
chr16_48200000_48275000_DEL	chr16	48200000	48275000	DEL	Uncertain significance	0.00	0.0	0.0	0.0	0.0	0.0	0.0	0.0	0.0	0.0	0.0	0.0	0.0	0.0	0.0	0.0	0.0	0.0	0.0	0.0	0.0	0.0	0.0	0.0	0.0	0.0	0.0	0.0	0.0	0.0	0.0	0.0	0.0	0.0	0.0	0.0		ABCC11, LONP2
chr1_21650000_21715000_DUP	chr1	21650000	21715000	DUP	Uncertain significance	0.00	0.0	0.0	0.0	0.0	0.0	0.0	0.0	0.0	0.0	0.0	0.0	0.0	0.0	0.0	0.0	0.0	0.0	0.0	0.0	0.0	0.0	0.0	0.0	0.0	0.0	0.0	0.0	0.0	0.0	0.0	0.0	0.0	0.0	0.0	0.0		RAP1GAP, USP48
chr20_12300000_12440000_DUP	chr20	12300000	12440000	DUP	Uncertain significance	0.00	0.0	0.0	0.0	0.0	0.0	0.0	0.0	0.0	0.0	0.0	0.0	0.0	0.0	0.0	0.0	0.0	0.0	0.0	0.0	0.0	0.0	0.0	0.0	0.0	0.0	0.0	0.0	0.0	0.0	0.0	0.0	0.0	0.0	0.0	0.0		
chr2_101340000_101415000_DEL	chr2	101340000	101415000	DEL	Uncertain significance	0.00	0.0	0.0	0.0	0.0	0.0	0.0	0.0	0.0	0.0	0.0	0.0	0.0	0.0	0.0	0.0	0.0	0.0	0.0	0.0	0.0	0.0	0.0	0.0	0.0	0.0	0.0	0.0	0.0	0.0	0.0	0.0	0.0	0.0	0.0	0.0		CREG2, RFX8
chr3_67200000_67248000_DUP	chr3	67200000	67248000	DUP	Uncertain significance	0.00	0.0	0.0	0.0	0.0	0.0	0.0	0.0	0.0	0.0	0.0	0.0	0.0	0.0	0.0	0.0	0.0	0.0	0.0	0.0	0.0	0.0	0.0	0.0	0.0	0.0	0.0	0.0	0.0	0.0	0.0	0.0	0.0	0.0	0.0	0.0		
chr5_8800000_8865000_DEL	chr5	8800000	8865000	DEL	Uncertain significance	0.00	0.0	0.0	0.0	0.0	0.0	0.0	0.0	0.0	0.0	0.0	0.0	0.0	0.0	0.0	0.0	0.0	0.0	0.0	0.0	0.0	0.0	0.0	0.0	0.0	0.0	0.0	0.0	0.0	0.0	0.0	0.0	0.0	0.0	0.0	0.0		
chr7_142100000_142260000_DUP	chr7	142100000	142260000	DUP	Uncertain significance	0.00	0.0	0.0	0.0	0.0	0.0	0.0	0.0	0.0	0.0	0.0	0.0	0.0	0.0	0.0	0.0	0.0	0.0	0.0	0.0	0.0	0.0	0.0	0.0	0.0	0.0	0.0	0.0	0.0	0.0	0.0	0.0	0.0	0.0	0.0	0.0		MGAM, MGAM2, PRSS58
chr9_30850000_30930000_DEL	chr9	30850000	30930000	DEL	Uncertain significance	0.00	0.0	0.0	0.0	0.0	0.0	0.0	0.0	0.0	0.0	0.0	0.0	0.0	0.0	0.0	0.0	0.0	0.0	0.0	0.0	0.0	0.0	0.0	0.0	0.0	0.0	0.0	0.0	0.0	0.0	0.0	0.0	0.0	0.0	0.0	0.0		
