VariantID	Chromosome	Start	End	Type	Classification	Total score	1A-B	2A	2B	2C	2D	2E	2F	2G	2H	2I	2J	2K	2L	3	4A	4B	4C	4D	4E	4F-H	4I	4J	4K	4L	4M	4N	4O	5A	5B	5C	5D	5E	5F	5G	5H	Known or predicted dosage-sensitive genes	All protein coding genes
chr11_102000000_102150000_DEL	chr11	102000000	102150000	DEL	Uncertain significance	0.15	0.0	0.0	0.0	0.0	0.0	0.0	0.0	0.0	0.15	0.0	0.0	0.0	0.0	0.0	0.0	0.0	0.0	0.0	0.0	0.0	0.0	0.0	0.0	0.0	0.0	0.0	0.0	0.0	0.0	0.0	0.0	0.0	0.0	0.0	0.0	YAP1	CEP126, CFAP300, YAP1
chr14_60900000_60990000_DUP	chr14	60900000	60990000	DUP	Uncertain significance	0.00	0.0	0.0	0.0	0.0	0.0	0.0	0.0	0.0	0.0	0.0	0.0	0.0	0.0	0.0	0.0	0.0	0.0	0.0	0.0	0.0	0.0	0.0	0.0	0.0	0.0	0.0	0.0	0.0	0.0	0.0	0.0	0.0	0.0	0.0	0.0		MNAT1, TRMT5, SLC38A6
chr18_35500000_35640000_DEL	chr18	35500000	35640000	DEL	Uncertain significance	0.00	0.0	0.0	0.0	0.0	0.0	0.0	0.0	0.0	0.0	0.0	0.0	0.0	0.0	0.0	0.0	0.0	0.0	0.0	0.0	0.0	0.0	0.0	0.0	0.0	0.0	0.0	0.0	0.0	0.0	0.0	0.0	0.0	0.0	0.0	0.0		
chr1_50700000_50770000_DUP	chr1	50700000	50770000	DUP	Uncertain significance	0.00	0.0	0.0	0.0	0.0	0.0	0.0	0.0	0.0	0.0	0.0	0.0	0.0	0.0	0.0	0.0	0.0	0.0	0.0	0.0	0.0	0.0	0.0	0.0	0.0	0.0	0.0	0.0	0.0	0.0	0.0	0.0	0.0	0.0	0.0	0.0		FAF1
chr21_29100000_29180000_DUP	chr21	29100000	29180000	DUP	Uncertain significance	0.00	0.0	0.0	0.0	0.0	0.0	0.0	0.0	0.0	0.0	0.0	0.0	0.0	0.0	0.0	0.0	0.0	0.0	0.0	0.0	0.0	0.0	0.0	0.0	0.0	0.0	0.0	0.0	0.0	0.0	0.0	0.0	0.0	0.0	0.0	0.0		MAP3K7CL
chr3_121100000_121180000_DEL	chr3	121100000	121180000	DEL	Uncertain significance	0.00	0.0	0.0	0.0	0.0	0.0	0.0	0.0	0.0	0.0	0.0	0.0	0.0	0.0	0.0	0.0	0.0	0.0	0.0	0.0	0.0	0.0	0.0	0.0	0.0	0.0	0.0	0.0	0.0	0.0	0.0	0.0	0.0	0.0	0.0	0.0		STXBP5L
chr5_177131797_177300213_DEL	chr5	177131797	177300213	DEL	Pathogenic	1.00	0.0	1.0	0.0	0.0	0.0	0.0	0.0	0.0	0.0	0.0	0.0	0.0	0.0	0.0	0.0	0.0	0.0	0.0	0.0	0.0	0.0	0.0	0.0	0.0	0.0	0.0	0.0	0.0	0.0	0.0	0.0	0.0	0.0	0.0	0.0	NSD1	NSD1
chr5_90300000_90410000_DUP	chr5	90300000	90410000	DUP	Uncertain significance	0.00	0.0	0.0	0.0	0.0	0.0	0.0	0.0	0.0	0.0	0.0	0.0	0.0	0.0	0.0	0.0	0.0	0.0	0.0	0.0	0.0	0.0	0.0	0.0	0.0	0.0	0.0	0.0	0.0	0.0	0.0	0.0	0.0	0.0	0.0	0.0		CETN3
chr6_42000000_42060000_DEL	chr6	42000000	42060000	DEL	Uncertain significance	0.00	0.0	0.0	0.0	0.0	0.0	0.0	0.0	0.0	0.0	0.0	0.0	0.0	0.0	0.0	0.0	0.0	0.0	0.0	0.0	0.0	0.0	0.0	0.0	0.0	0.0	0.0	0.0	0.0	0.0	0.0	0.0	0.0	0.0	0.0	0.0		TAF8
chr8_25100000_25210000_DUP	chr8	25100000	25210000	DUP	Uncertain significance	0.00	0.0	0.0	0.0	0.0	0.0	0.0	0.0	0.0	0.0	0.0	0.0	0.0	0.0	0.0	0.0	0.0	0.0	0.0	0.0	0.0	0.0	0.0	0.0	0.0	0.0	0.0	0.0	0.0	0.0	0.0	0.0	0.0	0.0	0.0	0.0		DOCK5
