VariantID	Chromosome	Start	End	Type	Classification	Total score	1A-B	2A	2B	2C	2D	2E	2F	2G	2H	2I	2J	2K	2L	3	4A	4B	4C	4D	4E	4F-H	4I	4J	4K	4L	4M	4N	4O	5A	5B	5C	5D	5E	5F	5G	5H	Known or predicted dosage-sensitive genes	All protein coding genes
chr12_26400000_26510000_DUP	chr12	26400000	26510000	DUP	Uncertain significance	0.00	0.0	0.0	0.0	0.0	0.0	0.0	0.0	0.0	0.0	0.0	0.0	0.0	0.0	0.0	0.0	0.0	0.0	0.0	0.0	0.0	0.0	0.0	0.0	0.0	0.0	0.0	0.0	0.0	0.0	0.0	0.0	0.0	0.0	0.0	0.0		ITPR2
chr15_31500000_31600000_DUP	chr15	31500000	31600000	DUP	Uncertain significance	0.00	0.0	0.0	0.0	0.0	0.0	0.0	0.0	0.0	0.0	0.0	0.0	0.0	0.0	0.0	0.0	0.0	0.0	0.0	0.0	0.0	0.0	0.0	0.0	0.0	0.0	0.0	0.0	0.0	0.0	0.0	0.0	0.0	0.0	0.0	0.0		OTUD7A
chr15_72340923_72376014_DEL	chr15	72340923	72376014	DEL	Likely pathogenic	0.90	0.0	0.0	0.0	0.0	0.0	0.9	0.0	0.0	0.0	0.0	0.0	0.0	0.0	0.0	0.0	0.0	0.0	0.0	0.0	0.0	0.0	0.0	0.0	0.0	0.0	0.0	0.0	0.0	0.0	0.0	0.0	0.0	0.0	0.0	0.0		HEXA
chr16_67100000_67170000_DEL	chr16	67100000	67170000	DEL	Uncertain significance	0.15	0.0	0.0	0.0	0.0	0.0	0.0	0.0	0.0	0.15	0.0	0.0	0.0	0.0	0.0	0.0	0.0	0.0	0.0	0.0	0.0	0.0	0.0	0.0	0.0	0.0	0.0	0.0	0.0	0.0	0.0	0.0	0.0	0.0	0.0	0.0	CBFB	CBFB, C16orf70, B3GNT9, TRADD, FBXL8, HSF4
chr19_43400000_43490000_DUP	chr19	43400000	43490000	DUP	Uncertain significance	0.00	0.0	0.0	0.0	0.0	0.0	0.0	0.0	0.0	0.0	0.0	0.0	0.0	0.0	0.0	0.0	0.0	0.0	0.0	0.0	0.0	0.0	0.0	0.0	0.0	0.0	0.0	0.0	0.0	0.0	0.0	0.0	0.0	0.0	0.0	0.0		TEX101, LYPD3, PHLDB3
chr22_20100000_20160000_DEL	chr22	20100000	20160000	DEL	Uncertain significance	0.15	0.0	0.0	0.0	0.0	0.0	0.0	0.0	0.0	0.15	0.0	0.0	0.0	0.0	0.0	0.0	0.0	0.0	0.0	0.0	0.0	0.0	0.0	0.0	0.0	0.0	0.0	0.0	0.0	0.0	0.0	0.0	0.0	0.0	0.0	0.0	DGCR8	DGCR8, TRMT2A, RANBP1, ZDHHC8, CCDC188
chr2_43800000_43890000_DUP	chr2	43800000	43890000	DUP	Uncertain significance	0.00	0.0	0.0	0.0	0.0	0.0	0.0	0.0	0.0	0.0	0.0	0.0	0.0	0.0	0.0	0.0	0.0	0.0	0.0	0.0	0.0	0.0	0.0	0.0	0.0	0.0	0.0	0.0	0.0	0.0	0.0	0.0	0.0	0.0	0.0	0.0		DYNC2LI1, ABCG5, ABCG8, LRPPRC
chr4_147000000_147120000_DEL	chr4	147000000	147120000	DEL	Uncertain significance	0.00	0.0	0.0	0.0	0.0	0.0	0.0	0.0	0.0	0.0	0.0	0.0	0.0	0.0	0.0	0.0	0.0	0.0	0.0	0.0	0.0	0.0	0.0	0.0	0.0	0.0	0.0	0.0	0.0	0.0	0.0	0.0	0.0	0.0	0.0	0.0		
chr6_73100000_73165000_DUP	chr6	73100000	73165000	DUP	Uncertain significance	0.00	0.0	0.0	0.0	0.0	0.0	0.0	0.0	0.0	0.0	0.0	0.0	0.0	0.0	0.0	0.0	0.0	0.0	0.0	0.0	0.0	0.0	0.0	0.0	0.0	0.0	0.0	0.0	0.0	0.0	0.0	0.0	0.0	0.0	0.0	0.0		KCNQ5
chr9_109000000_109080000_DEL	chr9	109000000	109080000	DEL	Uncertain significance	0.00	0.0	0.0	0.0	0.0	0.0	0.0	0.0	0.0	0.0	0.0	0.0	0.0	0.0	0.0	0.0	0.0	0.0	0.0	0.0	0.0	0.0	0.0	0.0	0.0	0.0	0.0	0.0	0.0	0.0	0.0	0.0	0.0	0.0	0.0	0.0		CTNNAL1, TMEM245
